1817129560
771515668
1144108930
1622650073
101027544
1784484492
1458777923
2110010672
16807
16807
1899894091
510616708
823378840
1441282327
896544303
893351816
114807987
2128236579
1954899097
1264817709
1927702196
1927702196
282475249
156091745
1927702196
2110010672
1942727722
282475249
1927702196
510616708
2110010672
197493099
937186357
2110010672
510616708
510616708
510616708
1927702196
563613512
1622650073
1942727722
1617819336
823564440
1580723810
1927702196
1358580979
1927702196
510616708
2110010672
1942727722
